0 1
1 4
2 7
3 9
4 11
5 12
6 15
7 18
8 22
9 22
10 23
11 26
12 29
13 29
14 29
15 30
16 33
17 35
18 37
19 37
20 38
21 41
22 44
23 46
24 48
25 49
26 51
27 52
28 54
29 54
30 54
31 57
32 60
33 62
34 64
35 65
36 68
37 70
38 72
39 72
40 73
41 76
42 79
43 79
44 79
45 80
46 83
47 85
48 87
49 89
50 90
51 92
52 94
53 95
54 97
55 97
56 100
57 102
58 106
59 106
60 107
61 109
62 110
63 112
64 114
65 115
66 117
67 120
68 120
69 120
70 121
71 124
72 126
73 126
74 126
75 127
76 130
77 133
78 133
79 133
80 134
81 136
82 139
83 139
84 139
85 140
86 143
87 146
88 148
89 148
90 149
91 151
92 152
93 154
94 154
95 155
96 158
97 161
98 163
99 163
100 164
101 167
102 170
103 174
104 174
105 175
106 177
107 179
108 180
109 182
110 182
111 183
112 186
113 186
114 188
115 189
116 192
117 195
118 199
119 199
120 200
121 203
122 203
123 204
124 204
125 205
126 208
127 210
128 214
129 216
130 217
131 217
132 220
133 224
134 226
135 227
136 230
137 233
138 233
139 235
140 235
141 235
142 238
143 238
144 240
145 240
146 243
147 243
148 246
149 246
150 247
151 250
152 252
153 254
154 256
155 257
156 259
157 262
158 264
159 264
160 265
161 268
162 268
163 272
164 274
165 275
166 278
167 281
168 283
169 285
170 286
171 289
172 292
173 292
174 294
175 295
176 298
177 300
178 302
179 304
180 305
181 308
182 310
183 311
184 313
185 314
186 317
187 319
188 319
189 319
190 320
191 323
192 326
193 326
194 326
195 327
196 330
197 330
198 332
199 334
200 335
201 338
202 341
203 343
204 343
205 344
206 346
207 349
208 351
209 353
210 354
211 357
212 360
213 362
214 364
215 365
216 367
217 369
218 371
219 373
220 374
221 377
222 379
223 380
224 381
225 382
226 384
227 387
228 389
229 389
230 390
231 393
232 396
233 398
234 400
235 401
236 404
237 407
238 407
239 409
240 410
241 413
242 415
243 417
244 417
245 418
246 421
247 424
248 424
249 426
250 427
251 429
252 430
253 432
254 432
255 433
256 436
257 438
258 442
259 442
260 443
261 446
262 448
263 450
264 450
265 451
266 454
267 457
268 457
269 457
270 458
271 461
272 461
273 461
274 463
275 463
276 466
277 466
278 469
279 471
280 472
281 475
282 477
283 479
284 479
285 479
286 481
287 484
288 484
289 484
290 484
291 486
292 488
293 489
294 489
295 489
296 491
297 493
298 497
299 497
300 497
301 497
302 500
303 502
304 504
305 505
306 507
307 510
308 514
309 514
310 515
311 517
312 520
313 524
314 524
315 525
316 527
317 529
318 533
319 535
320 536
321 539
322 541
323 543
324 543
325 544
326 544
327 547
328 551
329 553
330 554
331 557
332 559
333 561
334 563
335 563
336 566
337 568
338 570
339 572
340 572
341 572
342 575
343 576
344 576
345 576
346 578
347 581
348 581
349 583
350 583
351 585
352 587
353 588
354 588
355 589
356 592
357 594
358 594
359 594
360 595
361 598
362 601
363 605
364 605
365 606
366 608
367 610
368 614
369 614
370 614
371 614
372 617
373 618
374 618
375 619
376 621
377 624
378 624
379 626
380 626
381 628
382 631
383 635
384 635
385 636
386 638
387 641
388 641
389 643
390 644
391 647
392 650
393 654
394 654
395 655
396 658
397 660
398 660
399 660
400 661
401 664
402 666
403 668
404 670
405 671
406 674
407 677
408 679
409 679
410 680
411 680
412 683
413 685
414 685
415 686
416 689
417 692
418 694
419 694
420 695
421 697
422 700
423 704
424 706
425 707
426 710
427 712
428 714
429 714
430 714
431 717
432 717
433 718
434 719
435 720
436 722
437 723
438 727
439 729
440 730
441 733
442 735
443 736
444 738
445 739
446 742
447 744
448 745
449 745
450 745
451 748
452 751
453 753
454 755
455 756
456 759
457 761
458 761
459 763
460 764
461 764
462 765
463 768
464 768
465 769
466 772
467 774
468 778
469 780
470 781
471 783
472 786
473 790
474 790
475 791
476 794
477 797
478 797
479 797
480 798
481 800
482 802
483 804
484 806
485 807
486 809
487 810
488 812
489 814
490 814
491 814
492 817
493 819
494 821
495 822
496 825
497 828
498 832
499 834
500 835
501 838
502 841
503 841
504 843
505 843
506 843
507 846
508 848
509 848
510 849
511 851
512 852
513 852
514 852
515 853
516 855
517 857
518 859
519 859
520 860
521 862
522 863
523 865
524 865
525 866
526 869
527 872
528 872
529 872
530 873
531 876
532 876
533 876
534 878
535 879
536 882
537 885
538 889
539 889
540 890
541 893
542 896
543 896
544 898
545 899
546 902
547 905
548 909
549 909
550 910
551 913
552 913
553 916
554 916
555 917
556 920
557 922
558 924
559 924
560 924
561 926
562 928
563 930
564 930
565 931
566 934
567 937
568 939
569 941
570 942
571 945
572 948
573 948
574 948
575 949
576 952
577 954
578 954
579 954
580 954
581 957
582 959
583 959
584 959
585 960
586 962
587 963
588 963
589 965
590 965
591 967
592 970
593 970
594 970
595 971
596 973
597 976
598 976
599 977
600 978
601 978
602 981
603 983
604 985
605 986
606 989
607 991
608 991
609 991
610 992
611 995
612 998
613 998
614 998
615 999
616 1002
617 1005
618 1005
619 1005
620 1006
621 1008
622 1010
623 1012
624 1012
625 1013
626 1016
627 1019
628 1021
629 1023
630 1024
631 1027
632 1027
633 1031
634 1031
635 1032
636 1034
637 1035
638 1037
639 1037
640 1038
641 1041
642 1043
643 1045
644 1045
645 1046
646 1049
647 1052
648 1054
649 1054
650 1055
651 1058
652 1061
653 1061
654 1061
655 1062
656 1065
657 1065
658 1068
659 1070
660 1071
661 1073
662 1075
663 1075
664 1075
665 1076
666 1079
667 1082
668 1082
669 1082
670 1083
671 1086
672 1089
673 1093
674 1095
675 1096
676 1098
677 1100
678 1102
679 1104
680 1105
681 1108
682 1111
683 1111
684 1113
685 1114
686 1117
687 1120
688 1124
689 1126
690 1127
691 1130
692 1133
693 1133
694 1133
695 1134
696 1137
697 1140
698 1144
699 1144
700 1145
701 1148
702 1151
703 1151
704 1153
705 1154
706 1157
707 1159
708 1159
709 1159
710 1160
711 1163
712 1166
713 1168
714 1168
715 1169
716 1169
717 1172
718 1173
719 1174
720 1174
721 1177
722 1177
723 1181
724 1181
725 1182
726 1185
727 1188
728 1190
729 1190
730 1191
731 1194
732 1197
733 1199
734 1199
735 1200
736 1203
737 1205
738 1207
739 1207
740 1208
741 1210
742 1212
743 1216
744 1216
745 1216
746 1219
747 1222
748 1224
749 1224
750 1225
751 1225
752 1228
753 1229
754 1231
755 1232
756 1235
757 1238
758 1238
759 1240
760 1241
761 1243
762 1244
763 1246
764 1248
765 1249
766 1249
767 1252
768 1252
769 1254
770 1255
771 1258
772 1260
773 1262
774 1262
775 1263
776 1265
777 1267
778 1269
779 1269
780 1270
781 1272
782 1275
783 1275
784 1275
785 1276
786 1279
787 1282
788 1284
789 1284
790 1285
791 1288
792 1291
793 1291
794 1291
795 1292
796 1294
797 1297
798 1301
799 1303
800 1304
801 1307
802 1310
803 1314
804 1316
805 1317
806 1320
807 1323
808 1323
809 1323
810 1324
811 1327
812 1330
813 1330
814 1330
815 1330
816 1332
817 1332
818 1335
819 1335
820 1335
821 1338
822 1340
823 1342
824 1342
825 1343
826 1346
827 1349
828 1351
829 1351
830 1352
831 1352
832 1355
833 1355
834 1355
835 1356
836 1359
837 1359
838 1360
839 1362
840 1363
841 1363
842 1365
843 1367
844 1367
845 1368
846 1371
847 1373
848 1374
849 1375
850 1375
851 1378
852 1380
853 1382
854 1382
855 1383
856 1386
857 1389
858 1389
859 1391
860 1392
861 1394
862 1395
863 1397
864 1399
865 1400
866 1403
867 1405
868 1407
869 1407
870 1408
871 1411
872 1414
873 1414
874 1414
875 1415
876 1417
877 1420
878 1420
879 1422
880 1422
881 1424
882 1427
883 1429
884 1431
885 1432
886 1433
887 1435
888 1437
889 1439
890 1440
891 1442
892 1444
893 1445
894 1446
895 1447
896 1450
897 1453
898 1453
899 1455
900 1456
901 1459
902 1462
903 1462
904 1462
905 1462
906 1464
907 1466
908 1470
909 1472
910 1473
911 1476
912 1479
913 1479
914 1481
915 1482
916 1482
917 1485
918 1485
919 1486
920 1487
921 1489
922 1492
923 1492
924 1492
925 1492
926 1495
927 1495
928 1498
929 1500
930 1500
931 1500
932 1501
933 1503
934 1503
935 1504
936 1507
937 1509
938 1509
939 1509
940 1509
941 1511
942 1514
943 1516
944 1518
945 1519
946 1522
947 1525
948 1527
949 1527
950 1528
951 1531
952 1534
953 1536
954 1538
955 1539
956 1542
957 1542
958 1545
959 1545
960 1546
961 1549
962 1551
963 1553
964 1553
965 1553
966 1555
967 1555
968 1558
969 1560
970 1560
971 1563
972 1565
973 1566
974 1567
975 1568
976 1571
977 1574
978 1574
979 1576
980 1577
981 1580
982 1583
983 1583
984 1583
985 1583
986 1585
987 1587
988 1589
989 1591
990 1592
991 1594
992 1597
993 1597
994 1598
995 1598
996 1601
997 1601
998 1603
999 1603
1000 1604
1001 1607
1002 1609
1003 1611
1004 1611
1005 1612
1006 1614
1007 1616
1008 1616
1009 1616
1010 1617
1011 1620
1012 1620
1013 1622
1014 1624
1015 1625
1016 1628
1017 1628
1018 1630
1019 1632
1020 1633
1021 1635
1022 1637
1023 1639
1024 1641
1025 1641
1026 1644
1027 1644
1028 1647
1029 1647
1030 1647
1031 1649
1032 1650
1033 1654
1034 1654
1035 1655
1036 1658
1037 1660
1038 1664
1039 1664
1040 1664
1041 1664
1042 1667
1043 1669
1044 1669
1045 1670
1046 1673
1047 1676
1048 1678
1049 1678
1050 1679
1051 1682
1052 1685
1053 1685
1054 1687
1055 1688
1056 1691
1057 1694
1058 1694
1059 1696
1060 1696
1061 1699
1062 1702
1063 1702
1064 1702
1065 1703
1066 1705
1067 1706
1068 1708
1069 1708
1070 1709
1071 1712
1072 1715
1073 1717
1074 1717
1075 1718
1076 1721
1077 1724
1078 1728
1079 1728
1080 1729
1081 1731
1082 1732
1083 1735
1084 1737
1085 1738
1086 1741
1087 1744
1088 1744
1089 1744
1090 1745
1091 1748
1092 1751
1093 1751
1094 1751
1095 1752
1096 1755
1097 1758
1098 1758
1099 1758
1100 1759
1101 1762
1102 1765
1103 1769
1104 1771
1105 1772
1106 1775
1107 1778
1108 1780
1109 1780
1110 1781
1111 1784
1112 1787
1113 1787
1114 1789
1115 1790
1116 1793
1117 1796
1118 1796
1119 1796
1120 1797
1121 1800
1122 1803
1123 1803
1124 1803
1125 1804
1126 1806
1127 1809
1128 1809
1129 1811
1130 1812
1131 1815
1132 1815
1133 1818
1134 1818
1135 1819
1136 1822
1137 1825
1138 1827
1139 1829
1140 1830
1141 1833
1142 1835
1143 1835
1144 1835
1145 1836
1146 1838
1147 1841
1148 1845
1149 1845
1150 1845
1151 1845
1152 1848
1153 1848
1154 1849
1155 1850
1156 1852
1157 1853
1158 1855
1159 1857
1160 1858
1161 1861
1162 1861
1163 1863
1164 1863
1165 1864
1166 1867
1167 1869
1168 1871
1169 1871
1170 1872
1171 1875
1172 1878
1173 1880
1174 1882
1175 1883
1176 1886
1177 1889
1178 1889
1179 1889
1180 1890
1181 1892
1182 1893
1183 1895
1184 1897
1185 1898
1186 1901
1187 1903
1188 1907
1189 1907
1190 1907
1191 1909
1192 1911
1193 1911
1194 1913
1195 1914
1196 1917
1197 1919
1198 1923
1199 1925
1200 1926
1201 1929
1202 1929
1203 1932
1204 1932
1205 1932
1206 1935
1207 1938
1208 1942
1209 1944
1210 1945
1211 1948
1212 1951
1213 1951
1214 1951
1215 1951
1216 1953
1217 1955
1218 1957
1219 1957
1220 1958
1221 1961
1222 1964
1223 1966
1224 1966
1225 1967
1226 1970
1227 1973
1228 1975
1229 1977
1230 1978
1231 1978
1232 1981
1233 1982
1234 1982
1235 1983
1236 1986
1237 1986
1238 1988
1239 1990
1240 1990
1241 1990
1242 1992
1243 1994
1244 1994
1245 1995
1246 1998
1247 1998
1248 2001
1249 2003
1250 2004
1251 2006
1252 2007
1253 2009
1254 2011
1255 2011
1256 2014
1257 2014
1258 2017
1259 2017
1260 2018
1261 2020
1262 2023
1263 2023
1264 2023
1265 2023
1266 2025
1267 2027
1268 2028
1269 2028
1270 2029
1271 2032
1272 2035
1273 2035
1274 2037
1275 2038
1276 2040
1277 2043
1278 2047
1279 2047
1280 2047
1281 2050
1282 2053
1283 2053
1284 2053
1285 2054
1286 2057
1287 2059
1288 2060
1289 2060
1290 2061
1291 2061
1292 2064
1293 2065
1294 2065
1295 2065
1296 2068
1297 2070
1298 2071
1299 2072
1300 2073
1301 2076
1302 2079
1303 2079
1304 2079
1305 2080
1306 2083
1307 2085
1308 2089
1309 2089
1310 2089
1311 2089
1312 2089
1313 2091
1314 2091
1315 2092
1316 2095
1317 2098
1318 2098
1319 2100
1320 2101
1321 2104
1322 2107
1323 2107
1324 2109
1325 2110
1326 2112
1327 2115
1328 2117
1329 2117
1330 2118
1331 2120
1332 2122
1333 2124
1334 2124
1335 2125
1336 2128
1337 2130
1338 2134
1339 2136
1340 2137
1341 2139
1342 2140
1343 2142
1344 2142
1345 2143
1346 2146
1347 2149
1348 2149
1349 2149
1350 2150
1351 2153
1352 2155
1353 2157
1354 2157
1355 2157
1356 2159
1357 2162
1358 2166
1359 2168
1360 2169
1361 2171
1362 2172
1363 2176
1364 2178
1365 2179
1366 2181
1367 2182
1368 2185
1369 2185
1370 2185
1371 2187
1372 2190
1373 2192
1374 2192
1375 2192
1376 2195
1377 2198
1378 2198
1379 2198
1380 2199
1381 2202
1382 2205
1383 2207
1384 2207
1385 2208
1386 2211
1387 2214
1388 2214
1389 2214
1390 2215
1391 2218
1392 2221
1393 2225
1394 2227
1395 2228
1396 2231
1397 2234
1398 2234
1399 2234
1400 2235
1401 2237
1402 2238
1403 2241
1404 2241
1405 2242
1406 2245
1407 2247
1408 2248
1409 2250
1410 2251
1411 2254
1412 2257
1413 2261
1414 2261
1415 2261
1416 2264
1417 2267
1418 2269
1419 2269
1420 2270
1421 2273
1422 2275
1423 2276
1424 2276
1425 2277
1426 2279
1427 2280
1428 2282
1429 2282
1430 2283
1431 2286
1432 2289
1433 2289
1434 2289
1435 2290
1436 2293
1437 2295
1438 2296
1439 2298
1440 2299
1441 2302
1442 2305
1443 2305
1444 2305
1445 2306
1446 2309
1447 2311
1448 2311
1449 2311
1450 2312
1451 2315
1452 2315
1453 2316
1454 2317
1455 2318
1456 2320
1457 2321
1458 2323
1459 2323
1460 2323
1461 2326
1462 2326
1463 2330
1464 2330
1465 2331
1466 2333
1467 2336
1468 2338
1469 2338
1470 2339
1471 2342
1472 2345
1473 2345
1474 2345
1475 2346
1476 2349
1477 2352
1478 2354
1479 2356
1480 2357
1481 2360
1482 2363
1483 2365
1484 2365
1485 2366
1486 2369
1487 2372
1488 2374
1489 2374
1490 2375
1491 2377
1492 2380
1493 2380
1494 2380
1495 2380
1496 2382
1497 2383
1498 2385
1499 2385
1500 2385
1501 2387
1502 2390
1503 2394
1504 2394
1505 2395
1506 2395
1507 2398
1508 2398
1509 2398
1510 2398
1511 2401
1512 2401
1513 2404
1514 2404
1515 2405
1516 2407
1517 2409
1518 2411
1519 2411
1520 2412
1521 2415
1522 2418
1523 2418
1524 2418
1525 2419
1526 2421
1527 2423
1528 2424
1529 2425
1530 2426
1531 2429
1532 2432
1533 2432
1534 2434
1535 2434
1536 2434
1537 2437
1538 2437
1539 2437
1540 2438
1541 2441
1542 2443
1543 2447
1544 2447
1545 2447
1546 2450
1547 2453
1548 2455
1549 2455
1550 2456
1551 2458
1552 2461
1553 2465
1554 2465
1555 2466
1556 2469
1557 2472
1558 2474
1559 2476
1560 2477
1561 2479
1562 2482
1563 2482
1564 2482
1565 2482
1566 2484
1567 2486
1568 2487
1569 2489
1570 2490
1571 2492
1572 2493
1573 2495
1574 2495
1575 2496
1576 2499
1577 2499
1578 2501
1579 2501
1580 2502
1581 2504
1582 2505
1583 2507
1584 2509
1585 2510
1586 2513
1587 2515
1588 2515
1589 2517
1590 2518
1591 2521
1592 2524
1593 2524
1594 2526
1595 2527
1596 2530
1597 2532
1598 2533
1599 2533
1600 2534
1601 2537
1602 2540
1603 2542
1604 2544
1605 2545
1606 2548
1607 2551
1608 2551
1609 2551
1610 2552
1611 2555
1612 2557
1613 2559
1614 2559
1615 2560
1616 2562
1617 2563
1618 2564
1619 2566
1620 2567
1621 2570
1622 2573
1623 2575
1624 2577
1625 2578
1626 2581
1627 2584
1628 2584
1629 2586
1630 2587
1631 2590
1632 2590
1633 2591
1634 2593
1635 2594
1636 2597
1637 2600
1638 2600
1639 2602
1640 2603
1641 2606
1642 2608
1643 2610
1644 2610
1645 2610
1646 2612
1647 2612
1648 2615
1649 2615
1650 2616
1651 2619
1652 2621
1653 2621
1654 2623
1655 2624
1656 2627
1657 2627
1658 2627
1659 2629
1660 2629
1661 2631
1662 2633
1663 2633
1664 2634
1665 2635
1666 2638
1667 2640
1668 2644
1669 2646
1670 2647
1671 2650
1672 2652
1673 2652
1674 2652
1675 2653
1676 2656
1677 2656
1678 2659
1679 2659
1680 2660
1681 2663
1682 2666
1683 2670
1684 2670
1685 2671
1686 2673
1687 2674
1688 2676
1689 2676
1690 2676
1691 2678
1692 2678
1693 2681
1694 2683
1695 2684
1696 2686
1697 2689
1698 2691
1699 2693
1700 2694
1701 2697
1702 2699
1703 2699
1704 2699
1705 2700
1706 2702
1707 2704
1708 2704
1709 2706
1710 2707
1711 2710
1712 2712
1713 2714
1714 2716
1715 2717
1716 2720
1717 2722
1718 2726
1719 2728
1720 2729
1721 2732
1722 2735
1723 2739
1724 2739
1725 2740
1726 2743
1727 2745
1728 2749
1729 2749
1730 2750
1731 2752
1732 2755
1733 2755
1734 2756
1735 2756
1736 2759
1737 2761
1738 2763
1739 2763
1740 2764
1741 2766
1742 2767
1743 2769
1744 2769
1745 2770
1746 2772
1747 2774
1748 2774
1749 2776
1750 2777
1751 2779
1752 2780
1753 2783
1754 2783
1755 2783
1756 2786
1757 2789
1758 2793
1759 2795
1760 2796
1761 2798
1762 2801
1763 2801
1764 2801
1765 2801
1766 2804
1767 2807
1768 2809
1769 2811
1770 2812
1771 2815
1772 2815
1773 2817
1774 2819
1775 2820
1776 2820
1777 2823
1778 2827
1779 2827
1780 2828
1781 2831
1782 2833
1783 2835
1784 2837
1785 2838
1786 2841
1787 2843
1788 2845
1789 2845
1790 2846
1791 2849
1792 2852
1793 2852
1794 2852
1795 2853
1796 2854
1797 2856
1798 2858
1799 2860
1800 2861
1801 2864
1802 2866
1803 2868
1804 2870
1805 2870
1806 2872
1807 2875
1808 2877
1809 2877
1810 2878
1811 2881
1812 2883
1813 2883
1814 2883
1815 2883
1816 2885
1817 2886
1818 2890
1819 2892
1820 2893
1821 2895
1822 2897
1823 2899
1824 2899
1825 2900
1826 2903
1827 2905
1828 2905
1829 2905
1830 2905
1831 2908
1832 2910
1833 2914
1834 2916
1835 2917
1836 2917
1837 2920
1838 2924
1839 2926
1840 2927
1841 2930
1842 2933
1843 2933
1844 2935
1845 2935
1846 2935
1847 2938
1848 2938
1849 2940
1850 2940
1851 2943
1852 2943
1853 2946
1854 2946
1855 2947
1856 2950
1857 2952
1858 2954
1859 2956
1860 2957
1861 2959
1862 2962
1863 2964
1864 2964
1865 2965
1866 2968
1867 2968
1868 2972
1869 2974
1870 2975
1871 2978
1872 2981
1873 2983
1874 2985
1875 2986
1876 2989
1877 2992
1878 2992
1879 2994
1880 2995
1881 2998
1882 3000
1883 3002
1884 3004
1885 3005
1886 3008
1887 3010
1888 3011
1889 3013
1890 3014
1891 3017
1892 3019
1893 3019
1894 3019
1895 3020
1896 3023
1897 3026
1898 3026
1899 3026
1900 3027
1901 3030
1902 3030
1903 3032
1904 3034
1905 3035
1906 3038
1907 3041
1908 3043
1909 3043
1910 3044
1911 3046
1912 3049
1913 3051
1914 3053
1915 3054
1916 3057
1917 3060
1918 3062
1919 3064
1920 3065
1921 3067
1922 3069
1923 3071
1924 3073
1925 3074
1926 3077
1927 3079
1928 3080
1929 3081
1930 3082
1931 3084
1932 3087
1933 3089
1934 3089
1935 3090
1936 3093
1937 3096
1938 3098
1939 3100
1940 3101
1941 3104
1942 3107
1943 3107
1944 3109
1945 3110
1946 3113
1947 3115
1948 3117
1949 3117
1950 3118
1951 3121
1952 3124
1953 3124
1954 3126
1955 3127
1956 3129
1957 3130
1958 3132
1959 3132
1960 3133
1961 3136
1962 3138
1963 3142
1964 3142
1965 3143
1966 3146
1967 3148
1968 3150
1969 3150
1970 3151
1971 3154
1972 3157
1973 3157
1974 3157
1975 3158
1976 3161
1977 3161
1978 3161
1979 3163
1980 3163
1981 3166
1982 3166
1983 3169
1984 3171
1985 3172
1986 3175
1987 3177
1988 3179
1989 3179
1990 3179
1991 3181
1992 3184
1993 3184
1994 3184
1995 3184
1996 3186
1997 3188
1998 3189
1999 3189
2000 3189
2001 3191
2002 3193
2003 3197
2004 3197
2005 3197
2006 3197
2007 3200
2008 3202
2009 3204
2010 3205
2011 3207
2012 3210
2013 3214
2014 3214
2015 3215
2016 3217
2017 3220
2018 3224
2019 3224
2020 3225
2021 3227
2022 3229
