[#.##..##.#] (0,1,3,4,6,7,8,9) (1,3,4,6,8,9) (4,8) (0,2,4,5,6,7,8) (3,4,7) (0,1,5,8) (5,7,8,9) (1,2,5,9) (1,3,4,5,6,7,8,9) (0,1,5) (1,2,3,9) {43,89,31,61,63,59,44,42,68,67}
[.#.#....#.] (0,1,2,4,5,7,9) (0,1,8) (0,5,8,9) (0,1,2,3,4,6,8,9) (0,1,3,5,7,9) (0,2,3,4,5,8,9) (3,7) (6,7,9) {53,32,23,39,23,30,20,39,44,50}
[###.#.#...] (3,4,5,9) (1,4,5,8,9) (0,1,2,3,4,7,9) (0,6,7,9) (0,8,9) (0,1,3,4,5,7,9) (1,2,4,5,6,8) (0,4,5,8,9) (0,1,2,3,4,5,6,7,9) (1,2,5,6,7,8,9) (1,2,3,5,6,7,9) (4,5,9) (4) {74,94,58,49,111,123,76,74,68,125}
[.####..#.#] (1,5,6,9) (1,2,3,5,7,8) (1,2,3,4,6,7,8) (7,9) (1,3,4,5,6,8,9) (0,1,2,3,5,6,7,8) (1,4,7,8,9) (0,1,2,3,4,5,6,8) (0,1,2,3,8,9) (4,6,8,9) {28,58,36,47,32,41,44,21,52,31}
[.#...##.#] (0,2,6,7,8) (1,3,4,5) (0,3,8) (1,2,3,4) (1,2,3,5,6,7,8) (2,6) (1,3,4) {27,136,36,147,129,116,33,23,34}
[....#.##.] (0,2,3,5,6) (1,5) (2,4,8) (0,4,7) (1,2,3,4,5,6) (2,4,5,6,7) (1,2,5,7,8) (2) (3,5,6,7) (0,2) (4,6,7) {165,35,198,181,27,228,197,56,19}
[#..#] (0,3) (0,2,3) (1,2,3) (3) (1,3) (1) {16,42,27,59}
[.###] (0,3) (0,2) (0) (1) (1,3) (1,2,3) {154,21,5,23}
[#.#.#.##] (3,5) (0,6,7) (0,1,2,4,5,7) (0,2,3,6,7) (2,3,5) (0,1,2,3,6) (1,3,4,5) (0,3,6) (0,2,4,5,6,7) (3,7) {74,40,65,89,50,76,57,79}
[###.##.#] (4,6) (3,7) (0,1,2,4,5) (0,3,5,7) (0,5) (1,3,4,5,7) (0,1,2) (0,1,2,3,4,5) {33,21,14,30,27,32,14,26}
[###.##] (0,1,2) (0,1,2,4,5) (0,1,2,4) (2,3,4,5) (1,5) (0,1,3,4) (0,2,3,4) (0,3) {215,208,51,182,197,32}
[####.] (0,3,4) (1,2) (1,2,4) {148,22,22,148,160}
[###.#..##] (1,2) (0,3,5,6,8) (2,5,6,7) (0,5,6,7,8) (0,4,7,8) (0,1,3,4,5) (2,3,4,5,8) (0,2,4,5,6) (3) (0,5) {190,31,32,159,30,185,162,26,155}
[.#.....#] (5) (0,2,5,6) (0,2,4,5,6,7) (0,2,3,5,7) (1,7) (1,3,4,6,7) (1,2,4,5) (2,3,5,6) {34,214,62,228,227,62,244,232}
[#...###.] (1,2,4,5,7) (0,4,5,6) (0,2,3,6) (1,3,6,7) (0,1,3,4,5,6) (0,1,2,3,4,5) (1,3,7) (2,3,6,7) (0,1,3,5,6,7) {67,105,51,107,53,73,78,83}
[....#.] (0,2,3,5) (0,2,3) (0,1,2,3) (4) (0,1,2) {37,24,37,26,17,7}
[#.#.#] (0,3,4) (2,3) (3,4) (1,3,4) {20,1,7,40,33}
[.....###..] (5,6,7) (1,2,3,4,6) (2,4,5,6,7) (0,1,2,3,4,7,9) (0,2,3,8) (0,1,4,6,7,8) (3,5,7) (0,2,4,5,9) {72,196,219,209,219,51,200,72,38,34}
[..##...#.] (0,1,3,4,5,6) (0,2,3,5,6,7,8) (1,6) (0,1,2,3) (0,2,4,6,7,8) (1,2,4,5,6,8) (1,2,3,4,5,6) (4,8) (2,3,5,7) {42,72,238,238,71,248,80,197,54}
[...#.#] (0,3) (0,1,2,5) (1,2,4,5) (1,2,3,4) (2,3) (0,3,4,5) (0) (1) {48,45,38,38,22,22}
[...###] (1,3,5) (0,1,2,5) (1,2,3) (0,4) (1,4) (0,1,2,3) {19,45,25,31,24,12}
[#..#..#...] (3,4,5) (0,1,2,3,5,6,8) (0,1,2,3,5,7,8,9) (0,1,2,4,6,7,8,9) (1,2,5,7,8) (2,3,4,6,7,8,9) (0,1,3,5,6,9) (1,2,3,4,5,7,8,9) (0,1,3,5,6,7,8,9) (0,1,2,4,5,6,7,8,9) {32,71,53,51,33,70,36,61,62,56}
[#..###] (1,4) (0,2,4,5) (0,1,3,5) (0,2,4) (0,2) (1,2) (0,1,2,3,4) {206,27,206,9,199,181}
[#.####] (2,5) (0,5) (4,5) (2) (3,4) (1,2,4,5) (0,2,4,5) (1,3) {13,13,27,28,32,36}
[....#.#] (2,3) (1,2,3,4) (0,3,5) (2,3,4,5,6) (0,1,3,5,6) {29,28,40,69,23,38,23}
[###..#] (0,1,3,4) (1,3) (0,1,3,4,5) (1,2,3,4) (3,5) {20,201,9,216,29,21}
[...#] (0,3) (0,1,2) (1) (1,3) (1,2) {23,176,26,19}
[.#..#..###] (1,3,4,5,7,8) (0,1,2,4,6,7,9) (0,1,4,5,7,9) (2,6,7,8) (2,4) (0,1,2,4,6,7,8) (0,1,7,8,9) (2) (6,8) (1,3,5,8) (0,2,4,6,8) (0,1,4,5,7,8,9) (0,1,7,9) {166,202,178,38,193,41,170,191,207,14}
[..###.] (0,1,2,3,4,5) (2,3,4) (0,1,4,5) (0,1,2) {27,27,41,27,32,13}
[.###.#...] (0,1,2,8) (1,2,3,4,6,7) (1,2,3,5,7,8) (0,1,3,4,5,6) (0,1,3,5,6,7,8) (0,1,2,4,5,6,7) (1,2,3,4,5,7,8) {28,164,143,157,149,156,36,154,139}
[####.###] (2,3,4,5,6,7) (0,3,4,6) (1,2,3,5) (2,4) (5,6,7) (0,3,4) (1,2,3,4,5,6) (0,2,3,4,6,7) (2) (0,1,2,3,5,6,7) {24,19,135,51,47,29,34,13}
[#.##] (0,2,3) (1,3) (1,2) (0,1) {181,187,29,25}
[.#.....] (1,2,5) (0,6) (2,5) (0,1,4) (1,2,3,4,5) (0,1,2,3,5) (0,4) {34,127,137,19,34,137,1}
[#.#.] (3) (0,1,3) (1,2) (0,1,2) {34,152,132,35}
[##..#.#.] (0,1,2,4,5,7) (0,3,7) (1,4,6) (0,1,2,5,6,7) (1,2,3,4,6) (2,3,4,6,7) (0,5,6,7) {25,24,11,16,25,18,43,28}
[#.#.#..#] (5,7) (0,1,2,4,6) (2,5) (1,6,7) (0,3,4) (0,1,2,3,5) {146,31,37,133,142,25,27,15}
[######.] (1,3,4,5) (0,2,3,4,5) (0,2,4,5) (0,1,3) (0,1,4,5,6) (0,1,2,3,4,5) {54,43,34,47,64,64,10}
[##.#..#] (0,1,2,3,4,5) (2,4,5) (0,2,5,6) (1,4,6) (2,3,4) (2,4,5,6) (2,4) {24,12,61,9,49,46,32}
[#....#..#] (0,1,3,4,6,7) (0,2,3,4,5,6,8) (1,4,5,6,8) (1,6,7) (0,1,3,4,5,7,8) (5) (2,3,5,7) (3,4,5) {34,30,32,54,45,54,48,39,25}
[#..#..] (0,1,2,3) (4) (1,3) (0,2) (1,4,5) (0,1,3,5) (0,3,4) {43,59,21,46,36,35}
[#.#.#] (1,3) (0,1,2,3,4) (1,2) (1) {2,12,4,9,2}
[.#.#.#] (1,2,4,5) (0,3,5) (0,2,4,5) (0,1,5) {25,17,15,9,15,33}
[.###.##..] (0,2,7) (1,2,3,4,8) (0,2,3,4,5,6,7,8) (3) (4,7) (0,1,2,3,5,6,7,8) (0,3,4,7,8) {50,33,57,57,35,29,29,57,48}
[#.####.] (0,2,3,4,5) (1,3,4,6) (0,1,3,4,5) (3,6) (1,2,3,5) (1,2,4) (0,1,2,3,4,6) (0,2,6) (1,2,4,6) {29,52,28,51,45,20,38}
[.##..#.###] (0,1,2,4,5,6,7) (0,5,8,9) (1,2,3,4,5,6,7) (0,4,6,9) (1,2,3,5,9) (0,1,2,3,4,5,6,7,8) (4,5,7,8) (0,2,5,7,8) (3,9) (4,6,9) (6,9) (0,1,2,4,6,7) {64,67,69,53,93,80,95,66,32,91}
[##.##.#...] (1,2,4,6,8) (2,6) (0,2,3,4,5,6,7,8,9) (2,4,5,8) (0,2,5) (0,1,4,5,6,7,8,9) (3,6,8) (1,2,4,7,8,9) (0,2,8,9) (0,1,2,5,8) (0,2,5,6,7,8,9) (0,2,4,6,8,9) (0,4) {268,38,296,34,89,238,101,43,139,72}
[#.###..] (1,2,3,4,5) (0,1,2,4,5,6) (0,3,5) (1,2,3,4,6) (0,1,6) (1,3,4,6) {26,58,29,34,44,23,47}
[..#....#] (1,3,4,5,6,7) (0,2,4,5) (0,1,2,4,6,7) (0,1,2,3,4,6,7) (1,2,3,4,5,6) (0,1,6) {42,150,41,137,153,136,150,129}
[.###.##] (0,2,3,5) (1,4) (0,4) (0,1,2,3,6) (5) (2,3,4,6) (1,2,3,4,5,6) (1,2,5) (0,1,2,3,4,6) {180,189,203,200,75,37,188}
[..##..##] (4,5,6) (0,1,3,4,5,7) (0,1,2) (0,1,3,4,5,6) (2,3,4,5,6,7) (0,1,3,6,7) (1,2,3,5,6) (2,3,6,7) (0,3,7) {58,54,43,77,50,51,72,70}
[##..#####] (1,2,3,5,6,7,8) (0,1,3,4,6,7,8) (1,4) (0,2,3,4,5,6) (0,2,4,5,6,7,8) (0,1,3,4,5,6) (0,2,4,7) {56,55,47,47,64,41,61,67,53}
[##.#.#] (0,4) (0,1,3,4) (0,1,2) (0,5) (0,1,5) (2,4,5) (0,1,2,4) {65,52,41,15,45,16}
[..##..#..] (0,3,4,6,7,8) (0,1,2,3,4,5,7) (3,4,6,8) (3,5,8) (0,1,4,5,6,7) (0,2,3,8) (4,5,8) (0,1,2,3,5,7,8) (0,2,4,6,8) {45,25,23,47,56,38,42,33,55}
[.##.##....] (0,2,8) (0,2,5,6,8,9) (0,2,3,4,5,6,8,9) (4) (0,3,6,7,9) (0,1) (4,6,8,9) (2,3,7,8) (0,2,4,8) (1,6) (1,2,3,5,6,7,8) {71,25,68,39,61,31,72,30,86,54}
[.###.] (0,2,3,4) (1,2,4) (1,2) (0,1,4) (1,3) {25,18,11,9,26}
[#######..] (0,1,3,4,5,6,8) (5,6,7) (0,1,3,4) (0,1,3,6,8) (2,4,5,8) (0,1,2,3,5,7) (5,7,8) (4,5) (4,6,7,8) (4) {40,40,20,40,58,65,36,33,45}
[.###...#..] (1,7,8) (7,8) (1,2,3,6,7,8,9) (0,1,2,3,5,6,8,9) (0,9) (0,1,4,6,7,8) (0,1,2,3,4,5,7,8) (2,3,7,8) (1,3,5,6,7,9) (6,8,9) (3,4) (0,1,4,5,6,8,9) (0,1,2,3,7) {73,285,50,87,61,63,92,261,285,86}
[.##.#..] (3,6) (0,1,2,5) (1,2,3,4,5) (0,1,3,5,6) (1,6) (1,2,5,6) (1,2,4) (0,2,3,4,5,6) {39,57,63,62,36,70,67}
[######.##.] (0,1,2,3,4,5,7,8) (0,1,2,3,4,5,6,7,8) (0,3,4,6,7,8) (0,4,5,7,8) (0,2,3,4,6) (1) (0,1,2,3,6,7,8,9) (0,5,7,8) (0,1,3,5,6) (1,7,9) (1,2,4,6,7,8,9) (1,2,4,6,7,9) {70,68,62,48,66,44,80,88,60,46}
[#..#.#..#] (4,5,6,8) (0,1,2,4,5,8) (1,2,4,5,8) (3,4,5,7) (6) (2,4,5,7,8) (6,7) (1,2,3,7,8) (3,4,5,6,7,8) (2,4,7) {20,41,63,42,85,70,36,66,79}
[##.....] (1,2,3,4) (1,2,5) (0,3,4,5) (5,6) (1,2,3,4,5,6) (0,2,4,6) (2,3,4,5,6) {31,13,35,40,52,36,27}
[##.##] (3,4) (2) (1,2,3) (0,2,4) {5,17,22,27,15}
[....##.] (1,2) (2,3,6) (3) (1,6) (0,2) (2,5) (3,4,5) (2,3,5) {1,16,24,55,17,30,22}
[###..] (0,2,3) (0,1,2,3) (0,2) (0,1,2) (2,3,4) (1) {33,17,41,25,8}
[#########] (0,4,8) (0,2,5) (4,5,6,7) (0,1,2,4,6,7,8) (6,7) (2,3,4,5,7,8) (4,8) (6,8) {17,12,130,116,144,124,37,137,154}
[...#..] (0,4,5) (0,1,2,3,5) (0,1,2,3) (1,2,4) (4,5) {59,42,42,39,39,55}
[.#####..] (0,1,6,7) (0,2,3,4,5) (0,2,7) (0,2,3,4,6,7) (1,2,3,4,5,7) (0,2,3,4,5,7) {58,30,60,57,57,56,15,54}
[...##] (0,1) (0,1,2) (0,1,3) (0,4) (3,4) (0,1,2,3) {224,221,24,208,21}
[#.##.#.#] (1,2,3,4,5) (0,2,4,5,6,7) (0,3,7) (1,3,4,5,7) (2,5,6) (1,3,4) (0,1,2,4,6,7) {47,52,233,56,71,229,214,55}
[###..] (0,3,4) (1,2,3) (4) (1,3,4) (0,1,2,4) (0,1,3,4) {23,30,8,31,50}
[###..#.] (0,2,3,4,6) (3,4,5) (1,2,4,6) (1,2,3,5) (0,1,2,5,6) {186,196,208,43,41,205,196}
[#..#] (0,1,2) (0,1,3) (1) {19,27,8,11}
[#.#..#] (1,3,4,5) (1,2,5) (0,1,2,4,5) (0,5) (0,2,3,4) (3,4) {27,33,30,57,65,35}
[#..#..####] (0,1,4,5,6,7,8,9) (1,4,5,6,7,8) (1,2,3,4,5,6,7) (0,5,7,8) (0,1,2,3,4,5,6) (0,1,3,6,7,8,9) (4,7,9) (1,2,5,6,7,8) (0,1,2,3,6,7) (0,1,8) {31,47,19,14,42,45,42,46,36,24}
[.###.#.] (1,2,3,5,6) (1) (2,3,5) (0,5) (0,2,3,5,6) (0,2,4,6) (0,1,3,5,6) {130,39,126,141,2,152,128}
[#...#.#] (0,1,2,3,4,6) (1) (1,3,5,6) (2,3) (0,1,4,6) (1,2,3,5) {24,69,54,64,24,29,34}
[.#.###.##] (5,6,7) (1,3,4,7,8) (2,7,8) (4,5,6) (2,3,4,8) (1,4,8) (0,1,2,3,5,6) (4,6,7) (0,4,5,7) (0,3,5) (2,6) {21,19,26,27,31,29,36,25,14}
[.#..#...] (0,2,3,4,5,7) (0,1,2,3,5) (0,2,6) (2,3,4,5,6,7) (1,2,4,5,6,7) (0,3,4,5) {22,23,52,24,37,42,40,37}
[##...#..#] (1,3) (0,1,2,3,4,5,8) (0,3,7,8) (5,7) (0,2,3,6,7,8) (2,6) (0,1,4,5,7,8) (0,1,2,4,5,6) {240,224,221,47,217,237,204,53,50}
[.####...] (0,1,5,6,7) (0,3,5,7) (1,4,5,7) (0,3) (2,3,7) (0,3,4,5,6,7) (0,1,2,5,6,7) {195,23,11,190,19,205,22,213}
[.#.#....] (1,6) (0,1,4,5) (1,5) (0,1,7) (0,1,3,4,6,7) (0,1,6,7) (3,5,7) (2,3) (1,3,5,6) {32,46,9,33,10,16,42,37}
[#.###] (0,1,4) (0,2,3) (1) (0) (2,3) {40,11,36,36,8}
[...#] (0) (1) (2,3) (0,3) (0,2,3) (0,1,2) {19,19,10,8}
[####.] (1,4) (2,3) (0,1) (2) (0,1,2) (0,3,4) (1,3,4) {159,160,28,34,35}
[..#.] (1) (2) (2,3) (1,2,3) (0) (1,2) {14,181,198,173}
[.###.#..#.] (1,5,7,9) (0,3,5,8) (0,1,2,3,4,6) (1,5,6,7,9) (1,3,4,7,8,9) (0,1,8,9) (3,7,8) (0,9) (0,2,3) (0,2,3,5,6,7,8,9) (0,3,5,6,7,9) {76,43,37,82,19,65,42,67,54,79}
[##.#####.#] (1,3,6,7,8) (0,4,6) (0,1,2,5,8,9) (0,2,3,4,5,6,8,9) (3,4,5,6) (0,1,2,4,5,6,7,8,9) (1,2,5,6,8,9) (0,2,3,5,6,7,8,9) (0,1,3,4,5,6,7,9) (0,1,2,3,5,6,7,8) (0,3,6,7) {41,25,25,49,27,46,70,34,25,28}
[#.#..] (0,1,3) (0,1,2,4) (1,4) {32,47,13,19,28}
[#.#.#..] (0,2,3,4,6) (0,1,2,5) (0,1,2,3,4) (0,2,5) (0,1,2,3,5) (0,2,4,5,6) (1,5,6) (0,2,4) {101,50,101,36,68,70,56}
[#.#..#.] (0,2,3,4,6) (0,1,2,3) (3,5,6) (3,4) (2,3) (1,3,5) (0,1,2,5,6) {25,28,36,53,4,33,30}
[.###] (1,2,3) (0,1,2) {142,150,150,8}
[..#.] (3) (0,2) (1,3) (1,2) (1,2,3) {14,22,35,27}
[#.#.####.] (1,5) (0,1,3,5,6,7) (2,3,4,5,7) (1,2,3,4,7) (2,4,5,7) (0,1,7) (0,3,4,5,6,7,8) (4,5,8) (1,2,4) {28,44,146,144,152,148,10,162,6}
[...##] (1,2,3) (1,3,4) (2) (2,3,4) (0,1,3) (0,3,4) (0,1,2,3) {33,57,182,214,176}
[##.#.####] (0,1,3,4,8) (4,6) (0,1,2,3,5) (0,1,5) (3,4,6,7) (3,7) (0,3,4) (1,2,6,8) (0,1,3,4,5,7,8) (1,2,4,5,6,7,8) (0,1,2,3,4,6,8) {46,63,40,55,41,42,35,39,40}
[#...#....] (0,1,2) (0,1,2,3,4,5,7) (1,2,3,5,7,8) (5,7,8) (0,4) (0,1,4,5,6,7) (1,3,8) (0,4,5,7,8) (0,3) {175,46,30,35,168,187,10,187,177}
[..#.##..#] (2,3) (0,1,2,3,5,7) (1,2,4,5,7,8) (0,1,2,4) (1,3,4) (0,5,8) (3,4,5,6) (1,5,6,8) {125,156,146,60,138,54,27,26,21}
[#.#.] (0,2) (1,2,3) {0,2,2,2}
[..#.] (2) (0,2,3) (1,2) {13,18,46,13}
[....#.##.] (3,5,6,7,8) (0,1,5,6,8) (4,5) (2,3,4,5,6,7) (4,6,7) (0,1,2,3,4,6,7) (0,1,4,5,7) (0,1,3,8) (2,3,4,5,7,8) (0,1,3,5,6,8) {30,30,31,53,41,55,48,46,36}
[##..] (0,3) (0,1,3) (1,2) (0,1) {14,17,4,6}
[####.] (2,3) (0,2,3) (2,4) (1) (1,2,3) (0,3) {5,22,126,15,112}
[..###...#] (1,2,3,4,5,6,8) (0,1,2,3,4,5,6,7) (2,3,4,8) (2,3,4,5,6,7,8) (4,6) (2,4,5) (0,1,2,3,4,5,7,8) {31,51,85,78,214,68,172,41,65}
[..#..###..] (0,1,5,6,7) (0,1,2,3,4,5,6,8) (1,3,6,7) (2,5) (0,1,4,5,7,8,9) (1,2,4,5,6,8) (3,9) (1,5,7) (2,3,4,6,7) {21,51,38,48,44,46,44,47,27,18}
[#.#.] (1,3) (0,2) {6,188,6,188}
[#.###.##.] (1,2,3,4,6,8) (1,2,3,4,8) (1,8) (0,1,2,3,4,7,8) (8) (0,1,3,4,7) (2,4,6,8) (0,2,4,5,6,7) (3) (0,1,5,7,8) (4,6,8) {25,49,37,51,55,8,30,25,57}
[##..] (1,2) (0,1,2) (0,1,3) (0,2) {33,38,30,20}
[####.] (0,1,2,4) (0,3) (0,2,3) (0,1) (1,2,3) (0,1,3) {74,51,34,60,6}
[#####.##..] (0,1,2,3,4,6,7) (0,2,3,4,5,7,8,9) (4,7,9) (1,2,4,9) (0,4,5,6) (0,3,4,5,8) (0,1,2,4,6,7,8,9) (0,2,8) {64,37,54,31,79,27,42,57,38,48}
[.#.#..#] (1,3,6) (4,6) (3,4,5,6) (0,1,4,5,6) (1,6) (0,2) (0,4,5) (0,2,3,4,5) {34,34,9,46,57,53,58}
[#.##.#] (0,1) (2,3,4,5) (2,3,5) (0,1,4,5) (1,2,3,4,5) (0,2,4) (0,4,5) {51,30,139,124,153,141}
[..#.#.##] (0,1,3,5,6) (0,1,3,4,5,7) (1,2,3,4,5,6,7) (0,1) (4,6) (2,4) (3,4,5,6) (1,2,3,4,5,7) (0,4,5,6,7) {60,57,16,55,77,71,65,49}
[##..####] (0,1,4,5,6,7) (1,3,4,5) (0,3,5) (5,6) (2,6,7) (1,2,3,4,7) {15,27,16,42,27,36,10,16}
[..#.#] (1) (0,2) (0,1,3) (2,4) (0,3,4) {40,15,17,26,17}
[..##.] (0,2,3,4) (2,3,4) (1,2) (0,3) (0,1,4) (0,1,2) (3,4) {166,18,157,168,159}
[###....] (1,2,4) (0,1) (2) (0,1,3,6) (0,1,2,3) (3) (1,2,3,5) (4,6) (0,1,2,6) {26,55,63,35,17,13,3}
[..###..#..] (0,1,4,7,9) (1,2,3,4,5,7,8,9) (0,6,7,8,9) (2,3,4,7) (0,1,3,4,5,8) (1,2,4,6,7,8,9) (0,4,5,7,8) (1,2,3,5,6,7,8,9) (2,3,6) {35,47,59,62,60,47,44,64,69,46}
[##..] (1,3) (2,3) (0,3) {2,8,8,18}
[.#.#] (1,3) (0,1,2) {121,137,121,16}
[....##] (0,2,3,4) (0,4,5) (0,2,4) (1,4) (0,2,3) (1,2,3,5) (0,1,3,5) (0,3,4) {48,41,28,36,49,23}
[.#######] (1,5,7) (0,1,2,3,4,5,6) (2,5,6,7) (1,3,7) (1,2,4,6) (1,4,5,6,7) (2,3,6) (0,1,3,5,6) {17,70,45,28,33,69,67,59}
[#...##] (3,5) (0,2,3) (4,5) (0,2,4) (1,2) (1,5) (1,4) (0,2,4,5) {174,28,183,166,47,41}
[##..###..] (0,5,8) (3,5,8) (1,2,3,4,6,7,8) (1,4,6,8) (1,2,5) (1,2,5,6,7,8) (1,2,3,4,5,7) (3,4,5,6) {2,46,38,19,14,49,28,22,43}
[..#.#] (2,3) (0,1,3) (0,1,4) (0,1,2) {39,39,38,21,20}
[##.##] (2,3,4) (0,2,3,4) (0,1,3,4) {24,10,34,44,44}
[#.#.##] (0,2,3) (3,4,5) (2,3) (0,2,4) (0,1,2,4) (2,3,4,5) (0,5) {20,2,212,214,13,16}
[....#...#] (1,2,3,4,5,6) (2,3,4,5,6,7,8) (0,3,5,6,7,8) (2,4) (2,4,7) (4,6,7,8) (3,4) (3,8) (0,1,3,4,5,8) (5,6,8) {22,16,39,50,60,49,58,48,57}
[#..##..] (2,3,6) (2,5) (1,3,4) (4,5,6) (0,1,2,4,6) (1,4) {15,41,40,34,46,16,34}
[#..#..#.] (3,4,5,6,7) (0,1,4,5,6,7) (3,4,6) (3,4,5,7) (1,3,4,5,7) (0,3,4,6) (0,1,2,3,4,6,7) (0,3,4,5,6,7) {48,35,9,82,90,58,59,67}
[#.#..#..#] (1,8) (0,2,4,5,6,8) (0,4,5,6,7,8) (1,2,3,4,5,6) (2,3,5,7,8) (3,4,5,6,7) (2,6,8) (1,2,4,5,7) (3,4,6) {15,25,34,32,55,40,51,24,29}
[###..#.##] (2,3,4,6) (1,3) (1,2,8) (3,6) (1,2,3,6,8) (0,1,2,5,7,8) (0,2,5,6,7,8) {20,35,50,29,9,20,35,20,41}
[...#..##..] (1,2,3,6) (3,5) (0,5,6,7,8) (2,5,7) (3,4,7) (0,1,5,8) (0,2,3,4,5,6,7,8,9) (1,9) {19,38,14,35,14,26,15,15,19,6}
[.#..#....#] (0,1,2,3,4,7) (0,3,4,6,7,9) (0,5,8) (1,2,3,5,6,7,8,9) (0,1,2,3,5,7,8) (1,2,3,4,5,7,9) (0,1,2,3,9) (0,3,4,8) (0,2,3,5,6,7,8,9) (0,1,3,5,7,8) (3,6) (2,5,6,7,8,9) {48,45,56,75,29,72,44,64,64,51}
[..#.##.] (1,2,3,4,5) (2,4,5) (0,1,2,3,5,6) (0,2,3,4,5) (2,5,6) {20,24,68,37,49,68,19}
[.##....#] (4,5) (1,2,5) (1,2,5,7) (4,5,7) (0,2,3,6,7) (2,3,5) (0,2,4,5,6,7) (0,1,3) (1,7) (4) {28,42,38,23,25,40,18,45}
[##..] (0,1,3) (2,3) (0,1) {12,12,4,15}
[.##.] (3) (1,3) (0,3) (0,1,2) {27,26,15,40}
[....#...#] (0,4,5) (1,6) (0,2,3,4,5,8) (1,2,3,6,7,8) (0,2,3,4,6) (0,1,2,4,7,8) (0,3,4,7,8) (0,3) (1,4,7) (0,3,5,6,8) {96,45,48,82,77,31,48,52,58}
[#..#..##] (1,2,3,4,6,7) (1,7) (0,1,2,3,4,5,7) (3,4,5) (0,1,3,5,7) (0,2,3,5) (0,1,2,3,4,5) {41,50,54,60,35,41,19,48}
[#.##.#.#] (1,2,4,6,7) (0,1,4,6,7) (0,3,5,7) (0,2,3,5,7) (3,4) (1,3,5,6) (0,4,7) (0,2,3,4,6,7) (7) (0,1,7) {71,59,38,53,35,46,46,91}
[.##.#.] (0,1,3,4,5) (1,3,4) (0,1,2,3,4) (2,3) (0,1,2,4,5) (0,4,5) {41,40,31,29,50,37}
[#.#..] (0,2) (0,1,4) (0,3) {10,1,7,2,1}
[###..] (0,1,4) (0,1) (0,1,2) (1,2,3) (0,2,3) {45,51,37,28,16}
[...#.###.] (0,1,2,3,5,6) (3,8) (0,1,4,8) (6,8) (2,4,5) (0,2,3,4,5,6,7,8) (0,3,5,7) (0,1,4,5) (3,7) {70,42,45,60,53,76,35,40,33}
[#..#] (1,3) (2) (0,2,3) (0,3) (0) {38,8,31,35}
[.##..] (3) (0,2,3,4) (1,2) (0,1) {11,7,12,13,8}
[##.##] (0,3,4) (0,1,2) (0,1,3,4) {215,29,16,199,199}
[#.#...] (0,3) (2,5) (1,2,4,5) (1,3,5) (3,4) (1,2) {8,31,27,41,19,39}
[...#.#] (0,1,4) (0,2,4) (1,2,5) (1,2,3,5) {24,45,39,10,24,30}
[###.#] (0,1,2) (3) (1,2,3) (0,1,4) (2,4) (2,3) (0,2,4) {21,13,26,9,12}
[.#.#.##.##] (1,3) (2,5,6,8,9) (4,7) (0,1,2,4,5,6,8,9) (0,1,3,4,6) (0,1,2,4,5,6,7) (4,9) (6,7) (1,2,6,8,9) (1,3,5,6,7) (5,6) (2,6,7,8) {44,66,48,31,62,39,85,34,44,34}
[####.##] (0,4) (0,3,4,5,6) (2,6) (0,1,2,3,5,6) (0,1,4,5) {38,3,12,21,35,21,30}
[.#.#] (0,1,3) (2,3) (1,3) {10,24,14,38}
[###.] (1,3) (0,1,2) {2,8,2,6}
[#.#..#.] (0,1,2,3,5) (0,1,4,5) (0,1,2,5,6) (0,2) (1,3) {33,42,20,22,13,30,7}
[#.##] (3) (0,3) (0,1,3) (1) (2,3) {23,20,4,41}
[..#.#] (0,3,4) (1,2,4) (0,2,3) (2,3) {185,3,16,185,175}
[..#..#..] (0,1,2,3,5,7) (1,2) (1,3,4,5,6) (0,5,6) (0,2,4,5,7) (1,2,3,4,6,7) (1,5) {39,48,42,24,17,52,28,22}
[####.] (0,1) (0,1,4) (0,1,2,4) (1,2) (2,3) (0,2,3,4) {54,60,50,19,40}
[####..#] (6) (3,4,5) (2,5) (5,6) (0) (0,2,6) (0,1,2,4,5,6) (1,3) (0,1,2,4) {181,23,38,28,29,44,51}
[.###..] (0,2,3,5) (1,2,3,5) (0,1,2,3,4) (0,1,5) {22,25,16,16,5,24}
[###.#.##..] (0,1,3,4,5,6,7,9) (0,1,4,5,9) (0,1,3,4,5,6,7) (2,8) (4,5,6,7,8) (2,3,4,5,6,7,8) (8,9) (0,1,2,3,4,6,7,9) (1,2,3,6,7,9) (2,4,8,9) (0,2,6,8,9) (0,1,2,4,6,8) {70,79,68,75,112,85,107,94,68,71}
[#.###.....] (0,1,3,7,8,9) (1,2,4,7) (1,2,6,7) (2,3,4,5,7,8,9) (0,1,2,3,4,6,7,8,9) (1,2,4,7,8) (0,1,2,3,4,5,7,8,9) (0,1,3,4,5,6,7,8) (2,3,4,5,6,7,8,9) (0,1,3,6,8,9) {35,83,95,60,86,41,33,102,79,60}
[##..#..] (2,3,6) (0,1,3,4) (0,2,5) (1,2,4,5) (1,3,4,5,6) {13,34,27,22,34,23,10}
[######.#.#] (1,3,8) (0,2,3,4,5,6,7,8) (0,1,2,3,4,5,7,9) (1,2,3,4,8) (0,3,4) (0,1,2,5,7,8,9) (0,1,2,3,5,6,7) (1,2,3,4,5,6,7,8) (0,1,4,5,6,7,9) (2,4,5,6,8) (2,5,6) (0,1,2,3,4,7,8) (1,2,4,5,7,9) {49,77,76,69,92,76,67,55,59,27}
[########.#] (0,2,3,4,6,7,8,9) (0,1,4,5,6,7,8,9) (0,1,2,3,7,8) (0,1,5,6,7,8,9) (0,6,9) (0,2,5,7,8,9) (1,3,4,6,8) (2,4,5,8) (0,1,3,4,5,7,8,9) {102,89,48,70,76,70,76,92,120,85}
[..#..#] (1,2,3,4) (2,3) (0,1,2,5) (1,4) (1,2,4,5) {5,42,44,21,37,23}
[#.#..] (0,1,2,3) (1,3,4) (0,2) (0,2,4) (1) {27,12,27,10,3}
[.#.######.] (0,1,2) (0,3,6,8,9) (1,6,8,9) (1,3,4,5,6,7,8,9) (3,4,5,6,7) (2,9) (0,1,3,9) (0,1,2,5,7,8,9) (1,2,3,4,5,7,8,9) {49,85,38,172,156,175,174,175,55,75}
[#.##.] (1,2,3,4) (0,2,3,4) (0,2,3) {8,13,21,21,21}
[#...#.##] (3,4) (2,3,6,7) (0,3,4,5) (0,3,4,5,6) (1,2,4,5,6,7) (1,4,7) {24,11,164,181,36,32,181,167}
[#...] (0,1,2) (1,2) (0,1,3) {5,5,1,4}
[#....###] (1,2,3,6,7) (2,3,4,5) (1,2,4,5,6,7) (3,5) (0,1,4,7) (0,2,4,5,7) (0,1,2,3,4,5) (1,5,6) {24,215,38,40,35,195,191,44}
[...#..#] (0,3) (0,2,3,4,5,6) (0,1,3,4,6) (0,1,4,6) (0,1,2,4,5,6) (0,3,4) {175,39,37,152,158,37,56}
[#.###...] (0,1,2,3,4) (0,1,2,3,5,7) (0,2,3,5,7) (3,4,6) (2,5) (2,3,5,6) (1,2,3,4,5) (4,6) (0,4,6,7) {61,38,80,61,68,60,42,41}
